MIN: 1766391015 2025-12-22 09:10:15.151580377 +0100 ./Money_Factory_AI.png
MAX: 1766393239 2025-12-22 09:47:19.304335989 +0100 ./audit_summary.txt
